version https://git-lfs.github.com/spec/v1
oid sha256:f20c7a363066ef62d2b334e8d278bc4015fed3dce8d032683f6828dfed35fdfa
size 3435
